414.74,53.01018,414.74,42.39346,435.1775,42.39346,435.1775,53.01018
414.74,54.80272,414.74,44.186,436.7427,44.186,436.7427,54.80272
414.74,56.59526,414.74,45.97853,436.7427,45.97853,436.7427,56.59526
414.74,59.72404,414.74,49.10731,436.7427,49.10731,436.7427,59.72404
414.74,61.51657,414.74,50.89985,436.7427,50.89985,436.7427,61.51657
416.3052,63.08096,416.3052,52.46424,438.3079,52.46424,438.3079,63.08096
416.3052,64.64535,416.3052,54.02863,438.3079,54.02863,438.3079,64.64535
416.3052,66.20973,416.3052,55.59301,438.3079,55.59301,438.3079,66.20973
416.3052,69.33851,416.3052,58.72179,438.3079,58.72179,438.3079,69.33851
416.3052,70.90289,416.3052,60.28618,438.3079,60.28618,438.3079,70.90289
416.3052,72.46728,416.3052,61.85057,438.3079,61.85057,438.3079,72.46728
417.8705,74.03166,417.8705,63.41496,439.8731,63.41496,439.8731,74.03166
417.8705,75.59605,417.8705,64.97934,439.8731,64.97934,439.8731,75.59605
417.8705,77.16043,417.8705,66.54372,439.8731,66.54372,439.8731,77.16043
419.4357,78.72482,419.4357,68.10811,441.4384,68.10811,441.4384,78.72482
419.4357,78.72482,419.4357,68.10811,441.4384,68.10811,441.4384,78.72482
419.4357,78.72482,419.4357,68.10811,441.4384,68.10811,441.4384,78.72482
419.4357,78.72482,419.4357,68.10811,441.4384,68.10811,441.4384,78.72482
419.4357,78.72482,419.4357,68.10811,441.4384,68.10811,441.4384,78.72482
419.4357,78.72482,419.4357,68.10811,441.4384,68.10811,441.4384,78.72482
419.4357,78.72482,419.4357,68.10811,441.4384,68.10811,441.4384,78.72482
419.4357,78.72482,419.4357,68.10811,441.4384,68.10811,441.4384,78.72482
419.4357,77.16043,419.4357,66.54372,441.4384,66.54372,441.4384,77.16043
419.4357,77.16043,419.4357,66.54372,441.4384,66.54372,441.4384,77.16043
421.0009,77.16043,421.0009,66.54372,443.0036,66.54372,443.0036,77.16043
422.5661,75.59605,422.5661,64.97934,444.5688,64.97934,444.5688,75.59605
422.5661,74.03166,422.5661,63.41495,444.5688,63.41495,444.5688,74.03166
422.5661,72.46728,422.5661,61.85056,444.5688,61.85056,444.5688,72.46728
422.5661,70.90289,422.5661,60.28617,444.5688,60.28617,444.5688,70.90289
422.5661,69.33851,422.5661,58.72179,444.5688,58.72179,444.5688,69.33851
425.6965,67.77412,425.6965,57.1574,444.5688,57.1574,444.5688,67.77412
425.6965,66.20974,425.6965,55.59301,444.5688,55.59301,444.5688,66.20974
428.8269,64.64536,428.8269,54.02862,444.5688,54.02862,444.5688,64.64536
428.8269,63.08097,428.8269,52.46423,444.5688,52.46423,444.5688,63.08097
428.8269,61.51658,428.8269,50.89985,444.5688,50.89985,444.5688,61.51658
428.8269,59.95219,428.8269,49.33546,444.5688,49.33546,444.5688,59.95219
428.8269,58.3878,428.8269,47.77107,444.5688,47.77107,444.5688,58.3878
431.9573,56.82341,431.9573,46.20668,446.134,46.20668,446.134,56.82341
431.9573,56.82341,431.9573,46.20668,446.134,46.20668,446.134,56.82341
431.9573,55.25903,431.9573,44.64229,446.134,44.64229,446.134,55.25903
431.9573,53.69464,431.9573,43.0779,447.6992,43.0779,447.6992,53.69464
431.9573,52.13025,431.9573,41.51352,447.6992,41.51352,447.6992,52.13025
431.9573,52.13025,431.9573,41.51352,447.6992,41.51352,447.6992,52.13025
433.5225,52.13025,433.5225,41.51352,449.2644,41.51352,449.2644,52.13025
433.5225,50.56586,433.5225,39.94913,449.2644,39.94913,449.2644,50.56586
433.5225,50.56586,433.5225,39.94913,449.2644,39.94913,449.2644,50.56586
435.0877,50.56586,435.0877,39.94913,450.8297,39.94913,450.8297,50.56586
435.0877,50.56586,435.0877,39.94913,450.8297,39.94913,450.8297,50.56586
436.653,50.56586,436.653,39.94913,452.3949,39.94913,452.3949,50.56586
436.653,50.56586,436.653,39.94913,452.3949,39.94913,452.3949,50.56586
436.653,50.56586,436.653,39.94913,452.3949,39.94913,452.3949,50.56586
436.653,50.56586,436.653,39.94913,452.3949,39.94913,452.3949,50.56586
436.653,50.56586,436.653,39.94913,452.3949,39.94913,452.3949,50.56586
436.653,52.13025,436.653,41.51352,452.3949,41.51352,452.3949,52.13025
438.2182,52.13025,438.2182,41.51352,453.9601,41.51352,453.9601,52.13025
439.7834,52.13025,439.7834,41.51352,455.5253,41.51352,455.5253,52.13025
439.7834,52.13025,439.7834,41.51352,455.5253,41.51352,455.5253,52.13025
439.7834,55.25903,439.7834,44.64229,455.5253,44.64229,455.5253,55.25903
439.7834,55.25903,439.7834,44.64229,455.5253,44.64229,455.5253,55.25903
439.7834,55.25903,439.7834,44.64229,455.5253,44.64229,455.5253,55.25903
441.3486,56.82341,441.3486,46.20668,457.0905,46.20668,457.0905,56.82341
441.3486,58.3878,441.3486,47.77107,457.0905,47.77107,457.0905,58.3878
442.9138,58.3878,442.9138,47.77107,458.6557,47.77107,458.6557,58.3878
442.9138,59.95219,442.9138,49.33546,458.6557,49.33546,458.6557,59.95219
442.9138,61.51658,442.9138,50.89985,458.6557,50.89985,458.6557,61.51658
442.9138,61.51658,442.9138,50.89985,458.6557,50.89985,458.6557,61.51658
442.9138,63.08097,442.9138,52.46423,458.6557,52.46423,458.6557,63.08097
442.9138,64.64536,442.9138,54.02862,458.6557,54.02862,458.6557,64.64536
442.9138,66.20974,442.9138,55.59301,458.6557,55.59301,458.6557,66.20974
442.9138,66.20974,442.9138,55.59301,458.6557,55.59301,458.6557,66.20974
442.9138,66.20974,442.9138,55.59301,458.6557,55.59301,458.6557,66.20974
442.9138,66.20974,442.9138,55.59301,458.6557,55.59301,458.6557,66.20974
442.9138,67.77412,442.9138,57.1574,458.6557,57.1574,458.6557,67.77412
442.9138,69.33851,442.9138,58.72179,458.6557,58.72179,458.6557,69.33851
442.9138,70.90289,442.9138,60.28617,458.6557,60.28617,458.6557,70.90289
441.3486,70.90289,441.3486,60.28617,457.0905,60.28617,457.0905,70.90289
441.3486,70.90289,441.3486,60.28617,457.0905,60.28617,457.0905,70.90289
441.3486,72.46728,441.3486,61.85056,457.0905,61.85056,457.0905,72.46728
441.3486,72.46728,441.3486,61.85056,457.0905,61.85056,457.0905,72.46728
439.7834,72.46728,439.7834,61.85056,455.5253,61.85056,455.5253,72.46728
439.7834,72.46728,439.7834,61.85056,455.5253,61.85056,455.5253,72.46728
438.2182,72.46728,438.2182,61.85056,453.9601,61.85056,453.9601,72.46728
438.2182,72.46728,438.2182,61.85056,453.9601,61.85056,453.9601,72.46728
438.2182,72.46728,438.2182,61.85056,453.9601,61.85056,453.9601,72.46728
438.2182,72.46728,438.2182,61.85056,453.9601,61.85056,453.9601,72.46728
436.653,70.90289,436.653,60.28617,452.3949,60.28617,452.3949,70.90289
436.653,70.90289,436.653,60.28617,452.3949,60.28617,452.3949,70.90289
435.0877,70.90289,435.0877,60.28617,450.8297,60.28617,450.8297,70.90289
435.0877,69.33851,435.0877,58.72179,450.8297,58.72179,450.8297,69.33851
435.0877,69.33851,435.0877,58.72179,450.8297,58.72179,450.8297,69.33851
433.5225,67.77412,433.5225,57.1574,449.2644,57.1574,449.2644,67.77412
433.5225,66.20974,433.5225,55.59301,449.2644,55.59301,449.2644,66.20974
433.5225,66.20974,433.5225,55.59301,449.2644,55.59301,449.2644,66.20974
433.5225,66.20974,433.5225,55.59301,449.2644,55.59301,449.2644,66.20974
433.5225,66.20974,433.5225,55.59301,449.2644,55.59301,449.2644,66.20974
431.9573,64.64536,431.9573,54.02862,447.6992,54.02862,447.6992,64.64536
431.9573,64.64536,431.9573,54.02862,447.6992,54.02862,447.6992,64.64536
430.3921,64.64536,430.3921,54.02862,446.134,54.02862,446.134,64.64536
430.3921,64.64536,430.3921,54.02862,446.134,54.02862,446.134,64.64536
430.3921,64.64536,430.3921,54.02862,446.134,54.02862,446.134,64.64536
431.9573,64.64536,431.9573,54.02862,447.6992,54.02862,447.6992,64.64536
431.9573,64.64536,431.9573,54.02862,447.6992,54.02862,447.6992,64.64536
430.3921,64.64536,430.3921,54.02862,446.134,54.02862,446.134,64.64536
430.3921,64.64536,430.3921,54.02862,446.134,54.02862,446.134,64.64536
430.3921,64.64536,430.3921,54.02862,446.134,54.02862,446.134,64.64536
430.3921,64.64536,430.3921,54.02862,446.134,54.02862,446.134,64.64536
430.3921,64.64536,430.3921,54.02862,446.134,54.02862,446.134,64.64536
430.3921,66.20974,430.3921,55.59301,446.134,55.59301,446.134,66.20974
430.3921,66.20974,430.3921,55.59301,446.134,55.59301,446.134,66.20974
428.8269,67.77412,428.8269,57.1574,444.5688,57.1574,444.5688,67.77412
430.3921,67.77412,430.3921,57.1574,446.134,57.1574,446.134,67.77412
430.3921,69.33851,430.3921,58.72179,446.134,58.72179,446.134,69.33851
430.3921,69.33851,430.3921,58.72179,446.134,58.72179,446.134,69.33851
430.3921,70.90289,430.3921,60.28617,446.134,60.28617,446.134,70.90289
430.3921,72.46728,430.3921,61.85056,446.134,61.85056,446.134,72.46728
430.3921,72.46728,430.3921,61.85056,446.134,61.85056,446.134,72.46728
430.3921,72.46728,430.3921,61.85056,446.134,61.85056,446.134,72.46728
430.3921,74.03166,430.3921,63.41495,446.134,63.41495,446.134,74.03166
430.3921,74.03166,430.3921,63.41495,446.134,63.41495,446.134,74.03166
430.3921,74.03166,430.3921,63.41495,446.134,63.41495,446.134,74.03166
430.3921,74.03166,430.3921,63.41495,446.134,63.41495,446.134,74.03166
430.3921,74.03166,430.3921,63.41495,446.134,63.41495,446.134,74.03166
430.3921,74.03166,430.3921,63.41495,446.134,63.41495,446.134,74.03166
430.3921,74.03166,430.3921,63.41495,446.134,63.41495,446.134,74.03166
430.3921,74.03166,430.3921,63.41495,446.134,63.41495,446.134,74.03166
430.3921,74.03166,430.3921,63.41495,446.134,63.41495,446.134,74.03166
430.3921,74.03166,430.3921,63.41495,446.134,63.41495,446.134,74.03166
430.3921,74.03166,430.3921,63.41495,446.134,63.41495,446.134,74.03166
430.3921,72.46728,430.3921,61.85056,446.134,61.85056,446.134,72.46728
430.3921,72.46728,430.3921,61.85056,446.134,61.85056,446.134,72.46728
431.9573,72.46728,431.9573,61.85056,447.6992,61.85056,447.6992,72.46728
431.9573,70.90289,431.9573,60.28617,447.6992,60.28617,447.6992,70.90289
430.3921,70.90289,430.3921,60.28617,446.134,60.28617,446.134,70.90289
430.3921,69.33851,430.3921,58.72179,446.134,58.72179,446.134,69.33851
430.3921,69.33851,430.3921,58.72179,446.134,58.72179,446.134,69.33851
430.3921,67.77412,430.3921,57.1574,446.134,57.1574,446.134,67.77412
431.9573,67.77412,431.9573,57.1574,447.6992,57.1574,447.6992,67.77412
431.9573,66.20974,431.9573,55.59301,447.6992,55.59301,447.6992,66.20974
431.9573,66.20974,431.9573,55.59301,447.6992,55.59301,447.6992,66.20974
431.9573,64.64536,431.9573,54.02862,447.6992,54.02862,447.6992,64.64536
431.9573,63.08097,431.9573,52.46423,447.6992,52.46423,447.6992,63.08097
431.9573,61.51658,431.9573,50.89985,447.6992,50.89985,447.6992,61.51658
431.9573,61.51658,431.9573,50.89985,447.6992,50.89985,447.6992,61.51658
433.5225,59.95219,433.5225,49.33546,449.2644,49.33546,449.2644,59.95219
433.5225,59.95219,433.5225,49.33546,449.2644,49.33546,449.2644,59.95219
433.5225,58.3878,433.5225,47.77107,449.2644,47.77107,449.2644,58.3878
433.5225,58.3878,433.5225,47.77107,449.2644,47.77107,449.2644,58.3878
433.5225,58.3878,433.5225,47.77107,449.2644,47.77107,449.2644,58.3878
433.5225,58.3878,433.5225,47.77107,449.2644,47.77107,449.2644,58.3878
433.5225,58.3878,433.5225,47.77107,449.2644,47.77107,449.2644,58.3878
435.0877,56.82341,435.0877,46.20668,450.8297,46.20668,450.8297,56.82341
435.0877,56.82341,435.0877,46.20668,450.8297,46.20668,450.8297,56.82341
435.0877,56.82341,435.0877,46.20668,450.8297,46.20668,450.8297,56.82341
435.0877,56.82341,435.0877,46.20668,450.8297,46.20668,450.8297,56.82341
435.0877,58.3878,435.0877,47.77107,450.8297,47.77107,450.8297,58.3878
435.0877,59.95219,435.0877,49.33546,450.8297,49.33546,450.8297,59.95219
435.0877,61.51658,435.0877,50.89985,450.8297,50.89985,450.8297,61.51658
435.0877,61.51658,435.0877,50.89985,450.8297,50.89985,450.8297,61.51658
433.5225,64.64536,433.5225,52.46423,450.8297,52.46423,450.8297,64.64536
433.5225,66.20974,433.5225,54.02862,450.8297,54.02862,450.8297,66.20974
433.5225,67.77412,433.5225,55.59301,450.8297,55.59301,450.8297,67.77412
433.5225,69.33851,433.5225,57.1574,450.8297,57.1574,450.8297,69.33851
433.5225,70.90289,433.5225,58.72179,450.8297,58.72179,450.8297,70.90289
433.5225,74.03167,433.5225,61.85056,450.8297,61.85056,450.8297,74.03167
433.5225,77.16045,433.5225,64.97934,450.8297,64.97934,450.8297,77.16045
433.5225,78.72483,433.5225,66.54372,450.8297,66.54372,450.8297,78.72483
433.5225,81.85361,433.5225,69.6725,450.8297,69.6725,450.8297,81.85361
433.5225,83.41799,433.5225,71.23689,450.8297,71.23689,450.8297,83.41799
433.5225,86.54677,433.5225,74.36566,450.8297,74.36566,450.8297,86.54677
433.5225,88.11115,433.5225,75.93005,450.8297,75.93005,450.8297,88.11115
431.9573,91.23993,431.9573,79.05882,449.2644,79.05882,449.2644,91.23993
431.9573,92.80431,431.9573,80.62321,449.2644,80.62321,449.2644,92.80431
431.9573,94.3687,431.9573,82.18759,449.2644,82.18759,449.2644,94.3687
431.9573,95.93308,431.9573,83.75198,449.2644,83.75198,449.2644,95.93308
431.9573,97.49747,431.9573,85.31636,449.2644,85.31636,449.2644,97.49747
431.9573,97.49747,431.9573,85.31636,449.2644,85.31636,449.2644,97.49747
430.3921,97.49747,430.3921,85.31636,447.6992,85.31636,447.6992,97.49747
430.3921,99.06185,430.3921,86.88074,447.6992,86.88074,447.6992,99.06185
430.3921,99.06185,430.3921,86.88074,447.6992,86.88074,447.6992,99.06185
430.3921,99.06185,430.3921,86.88074,447.6992,86.88074,447.6992,99.06185
430.3921,99.06185,430.3921,86.88074,447.6992,86.88074,447.6992,99.06185
430.3921,99.06185,430.3921,86.88074,447.6992,86.88074,447.6992,99.06185
430.3921,97.49747,430.3921,85.31636,447.6992,85.31636,447.6992,97.49747
430.3921,95.93308,430.3921,83.75198,447.6992,83.75198,447.6992,95.93308
430.3921,95.93308,430.3921,83.75198,447.6992,83.75198,447.6992,95.93308
428.8269,94.3687,428.8269,82.18759,446.134,82.18759,446.134,94.3687
428.8269,92.80431,428.8269,80.62321,446.134,80.62321,446.134,92.80431
428.8269,89.67554,428.8269,77.49443,446.134,77.49443,446.134,89.67554
428.8269,88.11115,428.8269,75.93005,446.134,75.93005,446.134,88.11115
428.8269,86.54677,428.8269,74.36566,446.134,74.36566,446.134,86.54677
428.8269,84.98238,428.8269,72.80128,446.134,72.80128,446.134,84.98238
428.8269,81.85361,428.8269,69.6725,446.134,69.6725,446.134,81.85361
428.8269,78.72483,428.8269,66.54372,446.134,66.54372,446.134,78.72483
428.8269,77.16045,428.8269,64.97934,446.134,64.97934,446.134,77.16045
428.8269,75.59606,428.8269,63.41495,446.134,63.41495,446.134,75.59606
428.8269,72.46729,428.8269,60.28617,446.134,60.28617,446.134,72.46729
428.8269,70.9029,428.8269,58.72179,446.134,58.72179,446.134,70.9029
428.8269,67.77412,428.8269,55.59301,446.134,55.59301,446.134,67.77412
428.8269,66.20974,428.8269,54.02862,446.134,54.02862,446.134,66.20974
428.8269,64.64536,428.8269,52.46423,446.134,52.46423,446.134,64.64536
428.8269,64.64536,428.8269,52.46423,446.134,52.46423,446.134,64.64536
428.8269,63.08097,428.8269,50.89985,446.134,50.89985,446.134,63.08097
428.8269,61.51658,428.8269,49.33546,446.134,49.33546,446.134,61.51658
430.3921,61.51658,430.3921,49.33546,447.6992,49.33546,447.6992,61.51658
430.3921,61.51658,430.3921,49.33546,447.6992,49.33546,447.6992,61.51658
430.3921,61.51658,430.3921,49.33546,447.6992,49.33546,447.6992,61.51658
430.3921,61.51658,430.3921,49.33546,447.6992,49.33546,447.6992,61.51658
430.3921,61.51658,430.3921,49.33546,447.6992,49.33546,447.6992,61.51658
431.9573,63.08097,431.9573,50.89985,449.2644,50.89985,449.2644,63.08097
431.9573,63.08097,431.9573,50.89985,449.2644,50.89985,449.2644,63.08097
433.5225,63.08097,433.5225,50.89985,450.8297,50.89985,450.8297,63.08097
433.5225,64.64536,433.5225,52.46423,450.8297,52.46423,450.8297,64.64536
433.5225,66.20974,433.5225,54.02862,450.8297,54.02862,450.8297,66.20974
433.5225,67.77412,433.5225,55.59301,450.8297,55.59301,450.8297,67.77412
435.0877,69.33851,435.0877,57.1574,452.3949,57.1574,452.3949,69.33851
435.0877,70.90289,435.0877,58.72179,452.3949,58.72179,452.3949,70.90289
435.0877,72.46728,435.0877,60.28617,452.3949,60.28617,452.3949,72.46728
436.653,75.59605,436.653,63.41495,453.9601,63.41495,453.9601,75.59605
436.653,77.16044,436.653,64.97934,453.9601,64.97934,453.9601,77.16044
436.653,78.72482,436.653,66.54372,453.9601,66.54372,453.9601,78.72482
436.653,81.8536,436.653,69.6725,453.9601,69.6725,453.9601,81.8536
436.653,83.41798,436.653,71.23689,453.9601,71.23689,453.9601,83.41798
436.653,84.98237,436.653,72.80127,453.9601,72.80127,453.9601,84.98237
438.2182,86.54675,438.2182,74.36565,455.5253,74.36565,455.5253,86.54675
438.2182,88.11114,438.2182,75.93004,455.5253,75.93004,455.5253,88.11114
438.2182,89.67552,438.2182,77.49442,455.5253,77.49442,455.5253,89.67552
438.2182,91.23991,438.2182,79.05881,455.5253,79.05881,455.5253,91.23991
438.2182,92.80429,438.2182,80.62319,455.5253,80.62319,455.5253,92.80429
438.2182,94.36868,438.2182,82.18758,455.5253,82.18758,455.5253,94.36868
439.7834,95.93306,439.7834,83.75196,457.0905,83.75196,457.0905,95.93306
439.7834,95.93306,439.7834,83.75196,457.0905,83.75196,457.0905,95.93306
439.7834,95.93306,439.7834,83.75196,457.0905,83.75196,457.0905,95.93306
439.7834,97.49744,439.7834,85.31635,457.0905,85.31635,457.0905,97.49744
439.7834,97.49744,439.7834,85.31635,457.0905,85.31635,457.0905,97.49744
439.7834,97.49744,439.7834,85.31635,457.0905,85.31635,457.0905,97.49744
439.7834,97.49744,439.7834,85.31635,457.0905,85.31635,457.0905,97.49744
439.7834,97.49744,439.7834,85.31635,457.0905,85.31635,457.0905,97.49744
439.7834,97.49744,439.7834,85.31635,457.0905,85.31635,457.0905,97.49744
439.7834,97.49744,439.7834,85.31635,457.0905,85.31635,457.0905,97.49744
441.3486,95.93306,441.3486,83.75196,458.6557,83.75196,458.6557,95.93306
441.3486,95.93306,441.3486,83.75196,458.6557,83.75196,458.6557,95.93306
441.3486,95.93306,441.3486,83.75196,458.6557,83.75196,458.6557,95.93306
441.3486,94.36868,441.3486,82.18758,458.6557,82.18758,458.6557,94.36868
441.3486,94.36868,441.3486,82.18758,458.6557,82.18758,458.6557,94.36868
441.3486,92.80429,441.3486,80.62319,458.6557,80.62319,458.6557,92.80429
439.7834,91.23991,439.7834,79.05881,457.0905,79.05881,457.0905,91.23991
439.7834,91.23991,439.7834,79.05881,457.0905,79.05881,457.0905,91.23991
439.7834,89.67552,439.7834,77.49442,457.0905,77.49442,457.0905,89.67552
439.7834,89.67552,439.7834,77.49442,457.0905,77.49442,457.0905,89.67552
439.7834,88.11114,439.7834,75.93004,457.0905,75.93004,457.0905,88.11114
438.2182,88.11114,438.2182,75.93004,455.5253,75.93004,455.5253,88.11114
438.2182,86.54675,438.2182,74.36565,455.5253,74.36565,455.5253,86.54675
439.7834,86.54675,439.7834,74.36565,457.0905,74.36565,457.0905,86.54675
439.7834,86.54675,439.7834,74.36565,457.0905,74.36565,457.0905,86.54675
439.7834,84.98237,439.7834,72.80127,457.0905,72.80127,457.0905,84.98237
438.2182,83.41798,438.2182,71.23689,455.5253,71.23689,455.5253,83.41798
438.2182,83.41798,438.2182,71.23689,455.5253,71.23689,455.5253,83.41798
438.2182,83.41798,438.2182,71.23689,455.5253,71.23689,455.5253,83.41798
438.2182,83.41798,438.2182,71.23689,455.5253,71.23689,455.5253,83.41798
438.2182,83.41798,438.2182,71.23689,455.5253,71.23689,455.5253,83.41798
438.2182,83.41798,438.2182,71.23689,455.5253,71.23689,455.5253,83.41798
438.2182,83.41798,438.2182,71.23689,455.5253,71.23689,455.5253,83.41798
438.2182,83.41798,438.2182,71.23689,455.5253,71.23689,455.5253,83.41798
438.2182,83.41798,438.2182,71.23689,455.5253,71.23689,455.5253,83.41798
438.2182,83.41798,438.2182,71.23689,455.5253,71.23689,455.5253,83.41798
438.2182,83.41798,438.2182,71.23689,455.5253,71.23689,455.5253,83.41798
438.2182,83.41798,438.2182,71.23689,455.5253,71.23689,455.5253,83.41798
438.2182,84.98237,438.2182,72.80127,455.5253,72.80127,455.5253,84.98237
438.2182,86.54675,438.2182,74.36565,455.5253,74.36565,455.5253,86.54675
438.2182,86.54675,438.2182,74.36565,455.5253,74.36565,455.5253,86.54675
438.2182,86.54675,438.2182,74.36565,455.5253,74.36565,455.5253,86.54675
438.2182,88.11114,438.2182,75.93004,455.5253,75.93004,455.5253,88.11114
439.7834,88.11114,439.7834,75.93004,457.0905,75.93004,457.0905,88.11114
439.7834,89.67552,439.7834,77.49442,457.0905,77.49442,457.0905,89.67552
439.7834,91.23991,439.7834,79.05881,457.0905,79.05881,457.0905,91.23991
439.7834,91.23991,439.7834,79.05881,457.0905,79.05881,457.0905,91.23991
439.7834,91.23991,439.7834,79.05881,457.0905,79.05881,457.0905,91.23991
441.3486,92.80429,441.3486,80.62319,458.6557,80.62319,458.6557,92.80429
441.3486,92.80429,441.3486,80.62319,458.6557,80.62319,458.6557,92.80429
441.3486,94.36868,441.3486,82.18758,458.6557,82.18758,458.6557,94.36868
441.3486,94.36868,441.3486,82.18758,458.6557,82.18758,458.6557,94.36868
441.3486,94.36868,441.3486,82.18758,458.6557,82.18758,458.6557,94.36868
441.3486,94.36868,441.3486,82.18758,460.2209,82.18758,460.2209,94.36868
441.3486,94.36868,441.3486,82.18758,460.2209,82.18758,460.2209,94.36868
441.3486,94.36868,441.3486,82.18758,460.2209,82.18758,460.2209,94.36868
441.3486,94.36868,441.3486,82.18758,460.2209,82.18758,460.2209,94.36868
442.9138,94.36868,442.9138,82.18758,461.7862,82.18758,461.7862,94.36868
442.9138,94.36868,442.9138,82.18758,461.7862,82.18758,461.7862,94.36868
442.9138,94.36868,442.9138,82.18758,461.7862,82.18758,461.7862,94.36868
442.9138,94.36868,442.9138,82.18758,461.7862,82.18758,461.7862,94.36868
444.479,92.80429,444.479,80.62319,463.3514,80.62319,463.3514,92.80429
444.479,91.23991,444.479,79.05881,463.3514,79.05881,463.3514,91.23991
444.479,91.23991,444.479,79.05881,463.3514,79.05881,463.3514,91.23991
446.0443,89.67552,446.0443,77.49442,464.9166,77.49442,464.9166,89.67552
446.0443,89.67552,446.0443,77.49442,464.9166,77.49442,464.9166,89.67552
446.0443,88.11114,446.0443,75.93004,464.9166,75.93004,464.9166,88.11114
446.0443,88.11114,446.0443,75.93004,464.9166,75.93004,464.9166,88.11114
446.0443,88.11114,446.0443,75.93004,463.3514,75.93004,463.3514,88.11114
444.479,86.54675,444.479,74.36565,463.3514,74.36565,463.3514,86.54675
444.479,86.54675,444.479,74.36565,464.9166,74.36565,464.9166,86.54675
446.0443,84.98237,446.0443,72.80127,464.9166,72.80127,464.9166,84.98237
446.0443,84.98237,446.0443,72.80127,464.9166,72.80127,464.9166,84.98237
446.0443,83.41798,446.0443,71.23689,464.9166,71.23689,464.9166,83.41798
446.0443,83.41798,446.0443,71.23689,464.9166,71.23689,464.9166,83.41798
446.0443,81.8536,446.0443,69.6725,464.9166,69.6725,464.9166,81.8536
446.0443,81.8536,446.0443,69.6725,466.4818,69.6725,466.4818,81.8536
447.6095,80.28922,447.6095,68.10812,468.047,68.10812,468.047,80.28922
447.6095,80.28922,447.6095,68.10812,468.047,68.10812,468.047,80.28922
447.6095,78.72483,447.6095,66.54373,468.047,66.54373,468.047,78.72483
447.6095,78.72483,447.6095,66.54373,468.047,66.54373,468.047,78.72483
447.6095,78.72483,447.6095,66.54373,468.047,66.54373,468.047,78.72483
447.6095,78.72483,447.6095,66.54373,468.047,66.54373,468.047,78.72483
447.6095,78.72483,447.6095,66.54373,468.047,66.54373,468.047,78.72483
447.6095,78.72483,447.6095,66.54373,468.047,66.54373,468.047,78.72483
447.6095,78.72483,447.6095,66.54373,468.047,66.54373,468.047,78.72483
447.6095,78.72483,447.6095,66.54373,468.047,66.54373,468.047,78.72483
449.1747,78.72483,449.1747,66.54373,469.6122,66.54373,469.6122,78.72483
449.1747,78.72483,449.1747,66.54373,469.6122,66.54373,469.6122,78.72483
449.1747,80.28922,449.1747,68.10812,469.6122,68.10812,469.6122,80.28922
449.1747,81.8536,449.1747,69.6725,469.6122,69.6725,469.6122,81.8536
449.1747,81.8536,449.1747,69.6725,469.6122,69.6725,469.6122,81.8536
450.7399,83.41798,450.7399,71.23689,471.1774,71.23689,471.1774,83.41798
450.7399,84.98237,450.7399,72.80127,471.1774,72.80127,471.1774,84.98237
449.1747,86.54675,449.1747,74.36565,469.6122,74.36565,469.6122,86.54675
449.1747,88.11114,449.1747,75.93004,469.6122,75.93004,469.6122,88.11114
449.1747,89.67552,449.1747,77.49442,469.6122,77.49442,469.6122,89.67552
449.1747,91.23991,449.1747,79.05881,469.6122,79.05881,469.6122,91.23991
447.6095,92.80429,447.6095,80.62319,468.047,80.62319,468.047,92.80429
447.6095,95.93307,447.6095,83.75197,468.047,83.75197,468.047,95.93307
447.6095,97.49745,447.6095,85.31635,468.047,85.31635,468.047,97.49745
447.6095,99.06184,447.6095,86.88074,468.047,86.88074,468.047,99.06184
449.1747,100.6262,449.1747,88.44512,469.6122,88.44512,469.6122,100.6262
447.6095,102.1906,447.6095,90.00951,468.047,90.00951,468.047,102.1906
447.6095,105.3194,447.6095,93.13828,468.047,93.13828,468.047,105.3194
447.6095,106.8838,447.6095,94.70267,468.047,94.70267,468.047,106.8838
447.6095,106.8838,447.6095,94.70267,468.047,94.70267,468.047,106.8838
447.6095,108.4482,447.6095,96.26705,468.047,96.26705,468.047,108.4482
447.6095,108.4482,447.6095,96.26705,468.047,96.26705,468.047,108.4482
446.0443,110.0125,446.0443,97.83144,466.4818,97.83144,466.4818,110.0125
444.479,110.0125,444.479,97.83144,464.9166,97.83144,464.9166,110.0125
444.479,110.0125,444.479,97.83144,464.9166,97.83144,464.9166,110.0125
444.479,110.0125,444.479,97.83144,464.9166,97.83144,464.9166,110.0125
444.479,110.0125,444.479,97.83144,464.9166,97.83144,464.9166,110.0125
444.479,110.0125,444.479,97.83144,464.9166,97.83144,464.9166,110.0125
444.479,110.0125,444.479,97.83144,464.9166,97.83144,464.9166,110.0125
444.479,106.8838,444.479,94.70266,464.9166,94.70266,464.9166,106.8838
444.479,106.8838,444.479,94.70266,464.9166,94.70266,464.9166,106.8838
444.479,105.3194,444.479,93.13828,464.9166,93.13828,464.9166,105.3194
444.479,103.755,444.479,91.57389,464.9166,91.57389,464.9166,103.755
444.479,100.6262,444.479,88.44511,464.9166,88.44511,464.9166,100.6262
444.479,99.06183,444.479,86.88073,464.9166,86.88073,464.9166,99.06183
444.479,95.93305,444.479,83.75195,464.9166,83.75195,464.9166,95.93305
444.479,94.36867,444.479,82.18757,464.9166,82.18757,464.9166,94.36867
444.479,91.23989,444.479,79.05879,464.9166,79.05879,464.9166,91.23989
444.479,89.67551,444.479,77.49441,464.9166,77.49441,464.9166,89.67551
444.479,86.54673,444.479,74.36563,464.9166,74.36563,464.9166,86.54673
444.479,83.41795,444.479,71.23685,464.9166,71.23685,464.9166,83.41795
444.479,81.85357,444.479,69.67247,464.9166,69.67247,464.9166,81.85357
446.0443,78.72479,446.0443,66.54369,466.4818,66.54369,466.4818,78.72479
446.0443,75.59602,446.0443,63.41492,464.9166,63.41492,464.9166,75.59602
447.6095,74.03163,447.6095,61.85053,466.4818,61.85053,466.4818,74.03163
449.1747,72.46724,449.1747,60.28614,468.047,60.28614,468.047,72.46724
449.1747,70.90285,449.1747,58.72175,468.047,58.72175,468.047,70.90285
449.1747,69.33847,449.1747,57.15736,468.047,57.15736,468.047,69.33847
449.1747,67.77409,449.1747,55.59298,468.047,55.59298,468.047,67.77409
449.1747,66.2097,449.1747,54.02859,468.047,54.02859,468.047,66.2097
450.7399,66.2097,450.7399,54.02859,469.6122,54.02859,469.6122,66.2097
450.7399,66.2097,450.7399,54.02859,469.6122,54.02859,469.6122,66.2097
450.7399,66.2097,450.7399,54.02859,469.6122,54.02859,469.6122,66.2097
450.7399,66.2097,450.7399,54.02859,469.6122,54.02859,469.6122,66.2097
450.7399,66.2097,450.7399,54.02859,469.6122,54.02859,469.6122,66.2097
450.7399,66.2097,450.7399,54.02859,469.6122,54.02859,469.6122,66.2097
452.3051,69.33848,452.3051,57.15736,471.1774,57.15736,471.1774,69.33848
452.3051,69.33848,452.3051,57.15736,471.1774,57.15736,471.1774,69.33848
453.8703,72.46725,453.8703,60.28614,472.7426,60.28614,472.7426,72.46725
453.8703,72.46725,453.8703,60.28614,472.7426,60.28614,472.7426,72.46725
453.8703,75.59603,453.8703,63.41492,472.7426,63.41492,472.7426,75.59603
453.8703,80.28919,453.8703,68.10808,472.7426,68.10808,472.7426,80.28919
453.8703,80.28919,453.8703,68.10808,472.7426,68.10808,472.7426,80.28919
455.4355,83.41797,455.4355,71.23685,474.3079,71.23685,474.3079,83.41797
455.4355,84.98235,455.4355,72.80124,474.3079,72.80124,474.3079,84.98235
455.4355,88.11113,455.4355,75.93002,474.3079,75.93002,474.3079,88.11113
455.4355,91.23991,455.4355,79.05879,474.3079,79.05879,474.3079,91.23991
453.8703,94.36868,453.8703,82.18757,472.7426,82.18757,472.7426,94.36868
455.4355,95.93307,455.4355,82.18757,474.3079,82.18757,474.3079,95.93307
455.4355,97.49745,455.4355,83.75195,474.3079,83.75195,474.3079,97.49745
455.4355,100.6262,455.4355,86.88073,474.3079,86.88073,474.3079,100.6262
455.4355,102.1906,455.4355,88.44511,474.3079,88.44511,474.3079,102.1906
455.4355,105.3194,455.4355,91.57389,474.3079,91.57389,474.3079,105.3194
455.4355,105.3194,455.4355,91.57389,474.3079,91.57389,474.3079,105.3194
455.4355,106.8838,455.4355,93.13828,474.3079,93.13828,474.3079,106.8838
457.0008,108.4482,457.0008,94.70266,474.3079,94.70266,474.3079,108.4482
457.0008,108.4482,457.0008,94.70266,474.3079,94.70266,474.3079,108.4482
458.566,110.0125,458.566,96.26704,475.8731,96.26704,475.8731,110.0125
458.566,111.5769,458.566,97.83143,475.8731,97.83143,475.8731,111.5769
457.0008,111.5769,457.0008,97.83143,474.3079,97.83143,474.3079,111.5769
457.0008,111.5769,457.0008,97.83143,474.3079,97.83143,474.3079,111.5769
457.0008,111.5769,457.0008,97.83143,474.3079,97.83143,474.3079,111.5769
457.0008,110.0125,457.0008,96.26704,474.3079,96.26704,474.3079,110.0125
457.0008,110.0125,457.0008,96.26704,474.3079,96.26704,474.3079,110.0125
455.4355,108.4482,455.4355,94.70266,472.7426,94.70266,472.7426,108.4482
455.4355,108.4482,455.4355,94.70266,472.7426,94.70266,472.7426,108.4482
455.4355,106.8838,455.4355,93.13828,472.7426,93.13828,472.7426,106.8838
455.4355,106.8838,455.4355,93.13828,472.7426,93.13828,472.7426,106.8838
455.4355,105.3194,455.4355,91.57389,472.7426,91.57389,472.7426,105.3194
455.4355,103.755,455.4355,88.44511,474.3079,88.44511,474.3079,103.755
455.4355,102.1906,455.4355,86.88073,474.3079,86.88073,474.3079,102.1906
453.8703,100.6262,453.8703,85.31635,472.7426,85.31635,472.7426,100.6262
453.8703,97.49746,453.8703,82.18757,472.7426,82.18757,472.7426,97.49746
453.8703,95.93307,453.8703,80.62318,472.7426,80.62318,472.7426,95.93307
453.8703,94.36869,453.8703,79.0588,472.7426,79.0588,472.7426,94.36869
453.8703,92.80431,453.8703,77.49442,472.7426,77.49442,472.7426,92.80431
453.8703,89.67553,453.8703,74.36564,472.7426,74.36564,472.7426,89.67553
452.3051,88.11115,452.3051,72.80125,471.1774,72.80125,471.1774,88.11115
452.3051,86.54676,452.3051,71.23687,471.1774,71.23687,471.1774,86.54676
452.3051,84.98238,452.3051,69.67249,471.1774,69.67249,471.1774,84.98238
452.3051,83.41799,452.3051,68.1081,471.1774,68.1081,471.1774,83.41799
453.8703,81.85361,453.8703,66.54372,472.7426,66.54372,472.7426,81.85361
453.8703,80.28922,453.8703,64.97933,472.7426,64.97933,472.7426,80.28922
452.3051,78.72484,452.3051,63.41494,471.1774,63.41494,471.1774,78.72484
452.3051,78.72484,452.3051,63.41494,471.1774,63.41494,471.1774,78.72484
452.3051,77.16045,452.3051,61.85056,471.1774,61.85056,471.1774,77.16045
453.8703,77.16045,453.8703,61.85056,472.7426,61.85056,472.7426,77.16045
455.4355,77.16045,455.4355,61.85056,474.3079,61.85056,474.3079,77.16045
453.8703,77.16045,453.8703,61.85056,472.7426,61.85056,472.7426,77.16045
453.8703,77.16045,453.8703,61.85056,472.7426,61.85056,472.7426,77.16045
453.8703,77.16045,453.8703,61.85056,472.7426,61.85056,472.7426,77.16045
453.8703,78.72484,453.8703,63.41494,472.7426,63.41494,472.7426,78.72484
453.8703,78.72484,453.8703,63.41494,472.7426,63.41494,472.7426,78.72484
453.8703,78.72484,453.8703,63.41494,472.7426,63.41494,472.7426,78.72484
453.8703,80.28922,453.8703,64.97933,472.7426,64.97933,472.7426,80.28922
453.8703,81.85361,453.8703,66.54372,472.7426,66.54372,472.7426,81.85361
455.4355,83.41799,455.4355,68.1081,474.3079,68.1081,474.3079,83.41799
455.4355,84.98238,455.4355,69.67249,474.3079,69.67249,474.3079,84.98238
455.4355,86.54676,455.4355,71.23687,474.3079,71.23687,474.3079,86.54676
457.0008,88.11115,457.0008,72.80125,475.8731,72.80125,475.8731,88.11115
455.4355,89.67553,455.4355,74.36564,474.3079,74.36564,474.3079,89.67553
457.0008,89.67553,457.0008,74.36564,475.8731,74.36564,475.8731,89.67553
457.0008,91.23991,457.0008,75.93002,475.8731,75.93002,475.8731,91.23991
458.566,92.8043,458.566,77.49441,477.4383,77.49441,477.4383,92.8043
458.566,92.8043,458.566,77.49441,477.4383,77.49441,477.4383,92.8043
458.566,94.36868,458.566,79.05879,477.4383,79.05879,477.4383,94.36868
458.566,94.36868,458.566,79.05879,477.4383,79.05879,477.4383,94.36868
460.1312,95.93307,460.1312,80.62318,479.0035,80.62318,479.0035,95.93307
460.1312,95.93307,460.1312,80.62318,479.0035,80.62318,479.0035,95.93307
460.1312,95.93307,460.1312,80.62318,479.0035,80.62318,479.0035,95.93307
461.6964,95.93307,461.6964,80.62318,480.5687,80.62318,480.5687,95.93307
461.6964,95.93307,461.6964,80.62318,480.5687,80.62318,480.5687,95.93307
461.6964,95.93307,461.6964,80.62318,480.5687,80.62318,480.5687,95.93307
461.6964,95.93307,461.6964,80.62318,480.5687,80.62318,480.5687,95.93307
461.6964,95.93307,461.6964,80.62318,482.1339,80.62318,482.1339,95.93307
461.6964,95.93307,461.6964,80.62318,482.1339,80.62318,482.1339,95.93307
461.6964,95.93307,461.6964,80.62318,482.1339,80.62318,482.1339,95.93307
463.2616,95.93307,463.2616,80.62318,483.6992,80.62318,483.6992,95.93307
463.2616,94.36868,463.2616,79.05879,483.6992,79.05879,483.6992,94.36868
463.2616,94.36868,463.2616,79.05879,483.6992,79.05879,483.6992,94.36868
463.2616,94.36868,463.2616,79.05879,483.6992,79.05879,483.6992,94.36868
461.6964,94.36868,461.6964,79.05879,482.1339,79.05879,482.1339,94.36868
463.2616,94.36868,463.2616,79.05879,483.6992,79.05879,483.6992,94.36868
463.2616,94.36868,463.2616,79.05879,483.6992,79.05879,483.6992,94.36868
463.2616,92.8043,463.2616,77.49441,483.6992,77.49441,483.6992,92.8043
463.2616,92.8043,463.2616,77.49441,483.6992,77.49441,483.6992,92.8043
463.2616,92.8043,463.2616,77.49441,483.6992,77.49441,483.6992,92.8043
463.2616,92.8043,463.2616,77.49441,483.6992,77.49441,483.6992,92.8043
463.2616,92.8043,463.2616,77.49441,483.6992,77.49441,483.6992,92.8043
463.2616,91.23991,463.2616,75.93002,483.6992,75.93002,483.6992,91.23991
463.2616,91.23991,463.2616,75.93002,483.6992,75.93002,483.6992,91.23991
463.2616,91.23991,463.2616,75.93002,483.6992,75.93002,483.6992,91.23991
463.2616,91.23991,463.2616,75.93002,483.6992,75.93002,483.6992,91.23991
463.2616,91.23991,463.2616,75.93002,483.6992,75.93002,483.6992,91.23991
463.2616,91.23991,463.2616,75.93002,483.6992,75.93002,483.6992,91.23991
463.2616,91.23991,463.2616,75.93002,483.6992,75.93002,483.6992,91.23991
463.2616,91.23991,463.2616,75.93002,483.6992,75.93002,483.6992,91.23991
463.2616,91.23991,463.2616,75.93002,483.6992,75.93002,483.6992,91.23991
463.2616,91.23991,463.2616,75.93002,483.6992,75.93002,483.6992,91.23991
463.2616,91.23991,463.2616,75.93002,483.6992,75.93002,483.6992,91.23991
463.2616,91.23991,463.2616,75.93002,483.6992,75.93002,483.6992,91.23991
463.2616,91.23991,463.2616,75.93002,483.6992,75.93002,483.6992,91.23991
463.2616,91.23991,463.2616,75.93002,483.6992,75.93002,483.6992,91.23991
463.2616,91.23991,463.2616,75.93002,483.6992,75.93002,483.6992,91.23991
463.2616,91.23991,463.2616,75.93002,483.6992,75.93002,483.6992,91.23991
463.2616,91.23991,463.2616,75.93002,483.6992,75.93002,483.6992,91.23991
463.2616,91.23991,463.2616,75.93002,483.6992,75.93002,483.6992,91.23991
463.2616,91.23991,463.2616,75.93002,483.6992,75.93002,483.6992,91.23991
463.2616,91.23991,463.2616,75.93002,483.6992,75.93002,483.6992,91.23991
463.2616,91.23991,463.2616,75.93002,483.6992,75.93002,483.6992,91.23991
463.2616,91.23991,463.2616,75.93002,483.6992,75.93002,483.6992,91.23991
463.2616,91.23991,463.2616,75.93002,483.6992,75.93002,483.6992,91.23991
463.2616,91.23991,463.2616,75.93002,483.6992,75.93002,483.6992,91.23991
463.2616,91.23991,463.2616,75.93002,483.6992,75.93002,483.6992,91.23991
463.2616,92.8043,463.2616,77.49441,483.6992,77.49441,483.6992,92.8043
463.2616,92.80431,463.2616,77.49442,483.6992,77.49442,483.6992,92.80431
463.2616,92.80431,463.2616,77.49442,483.6992,77.49442,483.6992,92.80431
463.2616,92.8043,463.2616,77.49441,483.6992,77.49441,483.6992,92.8043
463.2616,92.8043,463.2616,77.49441,483.6992,77.49441,483.6992,92.8043
463.2616,92.8043,463.2616,77.49441,483.6992,77.49441,483.6992,92.8043
463.2616,92.8043,463.2616,77.49441,483.6992,77.49441,483.6992,92.8043
463.2616,94.36868,463.2616,79.05879,485.2644,79.05879,485.2644,94.36868
463.2616,94.36868,463.2616,79.05879,485.2644,79.05879,485.2644,94.36868
463.2616,94.36868,463.2616,79.05879,485.2644,79.05879,485.2644,94.36868
463.2616,94.36868,463.2616,79.05879,485.2644,79.05879,485.2644,94.36868
463.2616,94.36868,463.2616,79.05879,485.2644,79.05879,485.2644,94.36868
463.2616,94.36868,463.2616,79.05879,485.2644,79.05879,485.2644,94.36868
463.2616,94.36868,463.2616,79.05879,485.2644,79.05879,485.2644,94.36868
463.2616,94.36868,463.2616,79.05879,486.8296,79.05879,486.8296,94.36868
463.2616,94.36868,463.2616,79.05879,488.3948,79.05879,488.3948,94.36868
463.2616,94.36868,463.2616,79.05879,488.3948,79.05879,488.3948,94.36868
463.2616,94.36868,463.2616,79.05879,488.3948,79.05879,488.3948,94.36868
463.2616,92.8043,463.2616,77.49441,488.3948,77.49441,488.3948,92.8043
463.2616,92.8043,463.2616,77.49441,488.3948,77.49441,488.3948,92.8043
463.2616,92.8043,463.2616,77.49441,488.3948,77.49441,488.3948,92.8043
463.2616,92.8043,463.2616,77.49441,488.3948,77.49441,488.3948,92.8043
463.2616,92.8043,463.2616,77.49441,488.3948,77.49441,488.3948,92.8043
464.8268,92.8043,464.8268,77.49441,489.96,77.49441,489.96,92.8043
464.8268,91.23991,464.8268,75.93002,489.96,75.93002,489.96,91.23991
464.8268,91.23991,464.8268,75.93002,489.96,75.93002,489.96,91.23991
464.8268,91.23991,464.8268,75.93002,489.96,75.93002,489.96,91.23991
464.8268,91.23991,464.8268,75.93002,489.96,75.93002,489.96,91.23991
464.8268,91.23991,464.8268,75.93002,489.96,75.93002,489.96,91.23991
464.8268,89.67553,464.8268,74.36564,489.96,74.36564,489.96,89.67553
466.3921,89.67553,466.3921,74.36564,491.5252,74.36564,491.5252,89.67553
466.3921,89.67553,466.3921,74.36564,491.5252,74.36564,491.5252,89.67553
466.3921,89.67553,466.3921,74.36564,491.5252,74.36564,491.5252,89.67553
464.8268,88.11115,464.8268,72.80125,489.96,72.80125,489.96,88.11115
466.3921,88.11115,466.3921,72.80125,491.5252,72.80125,491.5252,88.11115
466.3921,88.11115,466.3921,72.80125,491.5252,72.80125,491.5252,88.11115
466.3921,88.11115,466.3921,72.80125,493.0905,72.80125,493.0905,88.11115
466.3921,88.11115,466.3921,72.80125,493.0905,72.80125,493.0905,88.11115
466.3921,86.54676,466.3921,71.23687,493.0905,71.23687,493.0905,86.54676
466.3921,86.54676,466.3921,71.23687,493.0905,71.23687,493.0905,86.54676
466.3921,86.54676,466.3921,71.23687,493.0905,71.23687,493.0905,86.54676
466.3921,86.54676,466.3921,71.23687,493.0905,71.23687,493.0905,86.54676
466.3921,86.54676,466.3921,71.23687,494.6557,71.23687,494.6557,86.54676
467.9573,86.54676,467.9573,71.23687,496.2209,71.23687,496.2209,86.54676
467.9573,86.54676,467.9573,71.23687,496.2209,71.23687,496.2209,86.54676
467.9573,86.54676,467.9573,71.23687,496.2209,71.23687,496.2209,86.54676
467.9573,86.54676,467.9573,71.23687,496.2209,71.23687,496.2209,86.54676
467.9573,88.11115,467.9573,72.80125,496.2209,72.80125,496.2209,88.11115
469.5225,88.11115,469.5225,72.80125,497.7861,72.80125,497.7861,88.11115
469.5225,88.11115,469.5225,72.80125,497.7861,72.80125,497.7861,88.11115
469.5225,88.11115,469.5225,72.80125,497.7861,72.80125,497.7861,88.11115
469.5225,88.11115,469.5225,72.80125,497.7861,72.80125,497.7861,88.11115
469.5225,89.67553,469.5225,74.36564,497.7861,74.36564,497.7861,89.67553
469.5225,89.67553,469.5225,74.36564,497.7861,74.36564,497.7861,89.67553
469.5225,89.67553,469.5225,74.36564,497.7861,74.36564,497.7861,89.67553
471.0877,89.67553,471.0877,74.36564,499.3513,74.36564,499.3513,89.67553
471.0877,89.67553,471.0877,74.36564,499.3513,74.36564,499.3513,89.67553
471.0877,91.23991,471.0877,75.93002,499.3513,75.93002,499.3513,91.23991
471.0877,91.23991,471.0877,75.93002,499.3513,75.93002,499.3513,91.23991
471.0877,91.23991,471.0877,75.93002,499.3513,75.93002,499.3513,91.23991
471.0877,91.23991,471.0877,75.93002,499.3513,75.93002,499.3513,91.23991
471.0877,92.8043,471.0877,77.49441,499.3513,77.49441,499.3513,92.8043
471.0877,92.8043,471.0877,77.49441,499.3513,77.49441,499.3513,92.8043
471.0877,92.8043,471.0877,77.49441,499.3513,77.49441,499.3513,92.8043
471.0877,92.8043,471.0877,77.49441,499.3513,77.49441,499.3513,92.8043
471.0877,92.8043,471.0877,77.49441,499.3513,77.49441,499.3513,92.8043
471.0877,92.8043,471.0877,77.49441,499.3513,77.49441,499.3513,92.8043
471.0877,92.8043,471.0877,77.49441,499.3513,77.49441,499.3513,92.8043
471.0877,94.36868,471.0877,79.05879,499.3513,79.05879,499.3513,94.36868
471.0877,94.36868,471.0877,79.05879,499.3513,79.05879,499.3513,94.36868
471.0877,94.36868,471.0877,79.05879,499.3513,79.05879,499.3513,94.36868
471.0877,95.93307,471.0877,80.62318,499.3513,80.62318,499.3513,95.93307
471.0877,97.49745,471.0877,82.18756,499.3513,82.18756,499.3513,97.49745
471.0877,97.49745,471.0877,82.18756,499.3513,82.18756,499.3513,97.49745
471.0877,97.49745,471.0877,82.18756,499.3513,82.18756,499.3513,97.49745
471.0877,97.49745,471.0877,82.18756,499.3513,82.18756,499.3513,97.49745
471.0877,97.49745,471.0877,82.18756,499.3513,82.18756,499.3513,97.49745
469.5225,99.06184,469.5225,83.75195,497.7861,83.75195,497.7861,99.06184
469.5225,99.06184,469.5225,83.75195,497.7861,83.75195,497.7861,99.06184
471.0877,99.06184,471.0877,83.75195,499.3513,83.75195,499.3513,99.06184
471.0877,99.06184,471.0877,83.75195,499.3513,83.75195,499.3513,99.06184
469.5225,100.6262,469.5225,85.31633,497.7861,85.31633,497.7861,100.6262
467.9573,100.6262,467.9573,85.31633,497.7861,85.31633,497.7861,100.6262
467.9573,100.6262,467.9573,85.31633,497.7861,85.31633,497.7861,100.6262
467.9573,100.6262,467.9573,85.31633,497.7861,85.31633,497.7861,100.6262
467.9573,100.6262,467.9573,85.31633,497.7861,85.31633,497.7861,100.6262
467.9573,100.6262,467.9573,85.31633,497.7861,85.31633,497.7861,100.6262
467.9573,100.6262,467.9573,85.31633,497.7861,85.31633,497.7861,100.6262
467.9573,100.6262,467.9573,85.31633,497.7861,85.31633,497.7861,100.6262
467.9573,99.06184,467.9573,83.75195,497.7861,83.75195,497.7861,99.06184
467.9573,99.06184,467.9573,83.75195,497.7861,83.75195,497.7861,99.06184
469.5225,99.06184,469.5225,83.75195,499.3513,83.75195,499.3513,99.06184
469.5225,97.49745,469.5225,82.18756,499.3513,82.18756,499.3513,97.49745
469.5225,95.93307,469.5225,80.62318,499.3513,80.62318,499.3513,95.93307
469.5225,95.93307,469.5225,80.62318,499.3513,80.62318,499.3513,95.93307
469.5225,94.36868,469.5225,79.05879,499.3513,79.05879,499.3513,94.36868
469.5225,92.8043,469.5225,77.49441,499.3513,77.49441,499.3513,92.8043
471.0877,91.23991,471.0877,75.93002,500.9165,75.93002,500.9165,91.23991
471.0877,89.67553,471.0877,74.36564,502.4818,74.36564,502.4818,89.67553
471.0877,88.11115,471.0877,72.80125,502.4818,72.80125,502.4818,88.11115
471.0877,86.54676,471.0877,71.23687,502.4818,71.23687,502.4818,86.54676
471.0877,84.98238,471.0877,69.67249,502.4818,69.67249,502.4818,84.98238
471.0877,83.41799,471.0877,68.1081,502.4818,68.1081,502.4818,83.41799
471.0877,81.85361,471.0877,66.54372,504.047,66.54372,504.047,81.85361
471.0877,80.28922,471.0877,64.97933,505.6122,64.97933,505.6122,80.28922
471.0877,78.72484,471.0877,63.41494,505.6122,63.41494,505.6122,78.72484
472.6529,77.16045,472.6529,61.85056,507.1774,61.85056,507.1774,77.16045
472.6529,77.16045,472.6529,61.85056,507.1774,61.85056,507.1774,77.16045
474.2181,75.59607,474.2181,60.28617,508.7426,60.28617,508.7426,75.59607
474.2181,75.59607,474.2181,60.28617,508.7426,60.28617,508.7426,75.59607
474.2181,75.59607,474.2181,60.28617,508.7426,60.28617,508.7426,75.59607
474.2181,74.03168,474.2181,58.72178,508.7426,58.72178,508.7426,74.03168
474.2181,74.03168,474.2181,58.72178,508.7426,58.72178,508.7426,74.03168
474.2181,74.03168,474.2181,58.72178,508.7426,58.72178,508.7426,74.03168
474.2181,74.03168,474.2181,58.72178,510.3078,58.72178,510.3078,74.03168
474.2181,74.03168,474.2181,58.72178,510.3078,58.72178,510.3078,74.03168
474.2181,74.03168,474.2181,58.72178,510.3078,58.72178,510.3078,74.03168
475.7834,75.59607,475.7834,60.28617,511.873,60.28617,511.873,75.59607
475.7834,75.59607,475.7834,60.28617,511.873,60.28617,511.873,75.59607
475.7834,77.16045,475.7834,61.85056,511.873,61.85056,511.873,77.16045
475.7834,78.72484,475.7834,63.41494,511.873,63.41494,511.873,78.72484
477.3486,80.28922,477.3486,63.41494,513.4382,63.41494,513.4382,80.28922
477.3486,81.85361,477.3486,64.97933,513.4382,64.97933,513.4382,81.85361
477.3486,81.85361,477.3486,64.97933,513.4382,64.97933,513.4382,81.85361
477.3486,83.41799,477.3486,66.54372,513.4382,66.54372,513.4382,83.41799
477.3486,86.54677,477.3486,69.67249,513.4382,69.67249,513.4382,86.54677
477.3486,89.67554,477.3486,72.80127,513.4382,72.80127,513.4382,89.67554
477.3486,91.23993,477.3486,74.36565,515.0034,74.36565,515.0034,91.23993
477.3486,91.23993,477.3486,74.36565,515.0034,74.36565,515.0034,91.23993
477.3486,92.80431,477.3486,75.93004,515.0034,75.93004,515.0034,92.80431
477.3486,95.93309,477.3486,79.05882,515.0034,79.05882,515.0034,95.93309
477.3486,97.49747,477.3486,80.6232,515.0034,80.6232,515.0034,97.49747
477.3486,99.06186,477.3486,82.18758,515.0034,82.18758,515.0034,99.06186
477.3486,100.6262,477.3486,83.75197,515.0034,83.75197,515.0034,100.6262
477.3486,100.6262,477.3486,83.75197,515.0034,83.75197,515.0034,100.6262
477.3486,103.755,477.3486,86.88074,515.0034,86.88074,515.0034,103.755
477.3486,105.3194,477.3486,88.44513,515.0034,88.44513,515.0034,105.3194
475.7834,106.8838,475.7834,90.00951,513.4382,90.00951,513.4382,106.8838
475.7834,106.8838,475.7834,90.00951,513.4382,90.00951,513.4382,106.8838
477.3486,108.4482,477.3486,91.5739,515.0034,91.5739,515.0034,108.4482
477.3486,108.4482,477.3486,91.5739,515.0034,91.5739,515.0034,108.4482
475.7834,110.0126,475.7834,93.13828,513.4382,93.13828,513.4382,110.0126
475.7834,110.0126,475.7834,93.13828,513.4382,93.13828,513.4382,110.0126
475.7834,110.0126,475.7834,93.13828,513.4382,93.13828,513.4382,110.0126
475.7834,110.0126,475.7834,93.13828,513.4382,93.13828,513.4382,110.0126
475.7834,110.0126,475.7834,93.13828,513.4382,93.13828,513.4382,110.0126
475.7834,110.0126,475.7834,93.13828,513.4382,93.13828,513.4382,110.0126
475.7834,110.0126,475.7834,93.13828,513.4382,93.13828,513.4382,110.0126
475.7834,110.0126,475.7834,93.13828,513.4382,93.13828,513.4382,110.0126
474.2181,108.4482,474.2181,91.5739,511.873,91.5739,511.873,108.4482
474.2181,108.4482,474.2181,91.5739,511.873,91.5739,511.873,108.4482
474.2181,108.4482,474.2181,91.5739,511.873,91.5739,511.873,108.4482
474.2181,108.4482,474.2181,91.5739,511.873,91.5739,511.873,108.4482
474.2181,105.3194,474.2181,88.44512,513.4382,88.44512,513.4382,105.3194
472.6529,103.755,472.6529,86.88074,513.4382,86.88074,513.4382,103.755
472.6529,103.755,472.6529,86.88074,513.4382,86.88074,513.4382,103.755
472.6529,102.1906,472.6529,85.31635,513.4382,85.31635,513.4382,102.1906
472.6529,100.6262,472.6529,83.75197,513.4382,83.75197,513.4382,100.6262
472.6529,99.06186,472.6529,82.18758,513.4382,82.18758,513.4382,99.06186
472.6529,97.49747,472.6529,80.6232,513.4382,80.6232,513.4382,97.49747
472.6529,95.93309,472.6529,79.05882,513.4382,79.05882,513.4382,95.93309
471.0877,94.36871,471.0877,77.49443,511.873,77.49443,511.873,94.36871
471.0877,92.80432,471.0877,75.93005,511.873,75.93005,511.873,92.80432
472.6529,91.23994,472.6529,74.36566,513.4382,74.36566,513.4382,91.23994
472.6529,88.11116,472.6529,71.23689,513.4382,71.23689,513.4382,88.11116
472.6529,88.11116,472.6529,71.23689,513.4382,71.23689,513.4382,88.11116
472.6529,84.98238,472.6529,68.10811,513.4382,68.10811,513.4382,84.98238
472.6529,83.418,472.6529,66.54372,513.4382,66.54372,513.4382,83.418
472.6529,81.85361,472.6529,64.97934,513.4382,64.97934,513.4382,81.85361
474.2181,78.72484,474.2181,61.85056,515.0034,61.85056,515.0034,78.72484
475.7834,77.16045,475.7834,60.28617,516.5686,60.28617,516.5686,77.16045
475.7834,77.16045,475.7834,60.28617,516.5686,60.28617,516.5686,77.16045
475.7834,75.59607,475.7834,58.72179,516.5686,58.72179,516.5686,75.59607
477.3486,74.03168,477.3486,57.1574,518.1338,57.1574,518.1338,74.03168
477.3486,72.4673,477.3486,55.59301,518.1338,55.59301,518.1338,72.4673
477.3486,72.4673,477.3486,55.59301,518.1338,55.59301,518.1338,72.4673
477.3486,70.90292,477.3486,54.02862,518.1338,54.02862,518.1338,70.90292
477.3486,70.90292,477.3486,54.02862,519.699,54.02862,519.699,70.90292
477.3486,70.90292,477.3486,54.02862,521.2642,54.02862,521.2642,70.90292
477.3486,70.90292,477.3486,54.02862,521.2642,54.02862,521.2642,70.90292
477.3486,70.90292,477.3486,54.02862,521.2642,54.02862,521.2642,70.90292
478.9138,69.33853,478.9138,52.46423,522.8293,52.46423,522.8293,69.33853
480.479,69.33853,480.479,52.46423,524.3945,52.46423,524.3945,69.33853
480.479,70.90292,480.479,54.02862,524.3945,54.02862,524.3945,70.90292
480.479,70.90292,480.479,54.02862,524.3945,54.02862,524.3945,70.90292
480.479,72.4673,480.479,55.59301,524.3945,55.59301,524.3945,72.4673
482.0442,75.59608,482.0442,58.72179,525.9597,58.72179,525.9597,75.59608
482.0442,75.59608,482.0442,58.72179,525.9597,58.72179,525.9597,75.59608
482.0442,77.16046,482.0442,60.28617,525.9597,60.28617,525.9597,77.16046
483.6094,78.72485,483.6094,61.85056,527.5249,61.85056,527.5249,78.72485
483.6094,80.28923,483.6094,63.41495,527.5249,63.41495,527.5249,80.28923
483.6094,83.41801,483.6094,66.54372,527.5249,66.54372,527.5249,83.41801
483.6094,84.98239,483.6094,68.10811,527.5249,68.10811,527.5249,84.98239
485.1747,86.54678,485.1747,69.67249,529.0901,69.67249,529.0901,86.54678
485.1747,89.67555,485.1747,72.80127,529.0901,72.80127,529.0901,89.67555
485.1747,91.23994,485.1747,74.36565,529.0901,74.36565,529.0901,91.23994
485.1747,92.80432,485.1747,75.93004,529.0901,75.93004,529.0901,92.80432
485.1747,94.36871,485.1747,77.49442,529.0901,77.49442,529.0901,94.36871
485.1747,97.49748,485.1747,80.6232,529.0901,80.6232,529.0901,97.49748
485.1747,97.49748,485.1747,80.6232,529.0901,80.6232,529.0901,97.49748
485.1747,100.6263,485.1747,83.75198,529.0901,83.75198,529.0901,100.6263
485.1747,102.1906,485.1747,85.31636,529.0901,85.31636,529.0901,102.1906
485.1747,103.755,485.1747,86.88074,529.0901,86.88074,529.0901,103.755
485.1747,103.755,485.1747,86.88074,529.0901,86.88074,529.0901,103.755
483.6094,105.3194,483.6094,88.44513,527.5249,88.44513,527.5249,105.3194
483.6094,106.8838,483.6094,90.00951,527.5249,90.00951,527.5249,106.8838
483.6094,108.4482,483.6094,91.5739,527.5249,91.5739,527.5249,108.4482
483.6094,110.0126,483.6094,93.13828,527.5249,93.13828,527.5249,110.0126
482.0442,111.577,482.0442,94.70267,527.5249,94.70267,527.5249,111.577
482.0442,111.577,482.0442,94.70267,527.5249,94.70267,527.5249,111.577
482.0442,113.1413,482.0442,96.26705,527.5249,96.26705,527.5249,113.1413
482.0442,113.1413,482.0442,96.26705,527.5249,96.26705,527.5249,113.1413
482.0442,113.1413,482.0442,96.26705,527.5249,96.26705,527.5249,113.1413
482.0442,111.577,482.0442,94.70267,527.5249,94.70267,527.5249,111.577
482.0442,111.577,482.0442,94.70267,527.5249,94.70267,527.5249,111.577
482.0442,111.577,482.0442,94.70267,527.5249,94.70267,527.5249,111.577
482.0442,110.0126,482.0442,93.13828,527.5249,93.13828,527.5249,110.0126
482.0442,110.0126,482.0442,93.13828,527.5249,93.13828,527.5249,110.0126
482.0442,108.4482,482.0442,91.5739,527.5249,91.5739,527.5249,108.4482
480.479,106.8838,480.479,90.00951,525.9597,90.00951,525.9597,106.8838
480.479,106.8838,480.479,90.00951,525.9597,90.00951,525.9597,106.8838
480.479,103.755,480.479,86.88074,525.9597,86.88074,525.9597,103.755
482.0442,103.755,482.0442,86.88074,527.5249,86.88074,527.5249,103.755
482.0442,102.1906,482.0442,85.31635,527.5249,85.31635,527.5249,102.1906
482.0442,100.6263,482.0442,83.75197,527.5249,83.75197,527.5249,100.6263
482.0442,99.06187,482.0442,82.18758,527.5249,82.18758,527.5249,99.06187
482.0442,97.49748,482.0442,80.6232,527.5249,80.6232,527.5249,97.49748
483.6094,94.36871,483.6094,77.49442,529.0901,77.49442,529.0901,94.36871
483.6094,92.80432,483.6094,75.93004,529.0901,75.93004,529.0901,92.80432
483.6094,91.23994,483.6094,74.36565,529.0901,74.36565,529.0901,91.23994
483.6094,89.67555,483.6094,72.80127,529.0901,72.80127,529.0901,89.67555
485.1747,88.11117,485.1747,71.23689,530.6553,71.23689,530.6553,88.11117
485.1747,86.54678,485.1747,69.6725,530.6553,69.6725,530.6553,86.54678
486.7399,84.9824,486.7399,68.10812,532.2205,68.10812,532.2205,84.9824
486.7399,83.41801,486.7399,66.54373,532.2205,66.54373,532.2205,83.41801
486.7399,81.85363,486.7399,64.97935,532.2205,64.97935,532.2205,81.85363
486.7399,81.85363,486.7399,64.97935,532.2205,64.97935,532.2205,81.85363
486.7399,80.28925,486.7399,63.41496,532.2205,63.41496,532.2205,80.28925
488.3051,80.28925,488.3051,63.41496,533.7856,63.41496,533.7856,80.28925
489.8703,78.72486,489.8703,61.85057,535.3508,61.85057,535.3508,78.72486
491.4355,78.72486,491.4355,61.85057,536.916,61.85057,536.916,78.72486
491.4355,78.72486,491.4355,61.85057,536.916,61.85057,536.916,78.72486
491.4355,77.16048,491.4355,60.28618,536.916,60.28618,536.916,77.16048
494.5659,75.59609,494.5659,58.72179,540.0464,58.72179,540.0464,75.59609
494.5659,75.59609,494.5659,58.72179,540.0464,58.72179,540.0464,75.59609
494.5659,77.16048,494.5659,60.28618,540.0464,60.28618,540.0464,77.16048
496.1311,77.16048,496.1311,60.28618,541.6116,60.28618,541.6116,77.16048
497.6964,77.16048,497.6964,60.28618,543.1768,60.28618,543.1768,77.16048
499.2616,75.59609,499.2616,58.72179,544.742,58.72179,544.742,75.59609
499.2616,77.16048,499.2616,60.28618,544.742,60.28618,544.742,77.16048
500.8268,77.16048,500.8268,60.28618,546.3072,60.28618,546.3072,77.16048
502.392,77.16048,502.392,60.28618,547.8724,60.28618,547.8724,77.16048
502.392,77.16048,502.392,60.28618,547.8724,60.28618,547.8724,77.16048
503.9572,77.16048,503.9572,60.28618,549.4376,60.28618,549.4376,77.16048
505.5224,78.72486,505.5224,61.85057,551.0027,61.85057,551.0027,78.72486
507.0876,80.28925,507.0876,63.41496,552.5679,63.41496,552.5679,80.28925
507.0876,81.85363,507.0876,64.97935,551.0027,64.97935,551.0027,81.85363
508.6529,81.85363,508.6529,64.97935,552.5679,64.97935,552.5679,81.85363
510.2181,83.41801,510.2181,66.54373,554.1331,66.54373,554.1331,83.41801
510.2181,84.9824,510.2181,68.10812,554.1331,68.10812,554.1331,84.9824
510.2181,86.54678,510.2181,69.6725,554.1331,69.6725,554.1331,86.54678
511.7833,86.54678,511.7833,69.6725,555.6983,69.6725,555.6983,86.54678
511.7833,88.11117,511.7833,71.23689,555.6983,71.23689,555.6983,88.11117
513.3485,89.67555,513.3485,72.80127,557.2635,72.80127,557.2635,89.67555
513.3485,89.67555,513.3485,72.80127,557.2635,72.80127,557.2635,89.67555
514.9137,91.23994,514.9137,74.36565,558.8287,74.36565,558.8287,91.23994
514.9137,92.80432,514.9137,75.93004,558.8287,75.93004,558.8287,92.80432
514.9137,91.23994,514.9137,74.36565,558.8287,74.36565,558.8287,91.23994
516.4789,91.23994,516.4789,74.36565,558.8287,74.36565,558.8287,91.23994
516.4789,92.80432,516.4789,75.93004,558.8287,75.93004,558.8287,92.80432
516.4789,94.36871,516.4789,77.49442,558.8287,77.49442,558.8287,94.36871
518.0441,94.36871,518.0441,77.49442,558.8287,77.49442,558.8287,94.36871
519.6093,94.36871,519.6093,77.49442,560.3939,77.49442,560.3939,94.36871
519.6093,94.36871,519.6093,77.49442,560.3939,77.49442,560.3939,94.36871
518.0441,95.93309,518.0441,79.05881,558.8287,79.05881,558.8287,95.93309
518.0441,97.49747,518.0441,80.62319,558.8287,80.62319,558.8287,97.49747
519.6093,97.49747,519.6093,80.62319,560.3939,80.62319,560.3939,97.49747
519.6093,97.49747,519.6093,80.62319,560.3939,80.62319,560.3939,97.49747
519.6093,97.49747,519.6093,80.62319,560.3939,80.62319,560.3939,97.49747
521.1744,99.06186,521.1744,82.18758,561.959,82.18758,561.959,99.06186
521.1744,99.06186,521.1744,82.18758,561.959,82.18758,561.959,99.06186
521.1744,99.06186,521.1744,82.18758,561.959,82.18758,561.959,99.06186
521.1744,99.06186,521.1744,82.18758,561.959,82.18758,561.959,99.06186
521.1744,99.06186,521.1744,82.18758,561.959,82.18758,561.959,99.06186
521.1744,100.6262,521.1744,83.75196,561.959,83.75196,561.959,100.6262
521.1744,102.1906,521.1744,85.31635,561.959,85.31635,561.959,102.1906
524.3049,102.1906,524.3049,85.31635,561.959,85.31635,561.959,102.1906
524.3049,102.1906,524.3049,85.31635,561.959,85.31635,561.959,102.1906
524.3049,102.1906,524.3049,85.31635,561.959,85.31635,561.959,102.1906
524.3049,102.1906,524.3049,85.31635,561.959,85.31635,561.959,102.1906
524.3049,102.1906,524.3049,85.31635,561.959,85.31635,561.959,102.1906
524.3049,102.1906,524.3049,85.31635,561.959,85.31635,561.959,102.1906
524.3049,102.1906,524.3049,85.31635,561.959,85.31635,561.959,102.1906
525.8701,102.1906,525.8701,85.31635,563.5242,85.31635,563.5242,102.1906
527.4352,102.1906,527.4352,85.31635,563.5242,85.31635,563.5242,102.1906
527.4352,102.1906,527.4352,85.31635,563.5242,85.31635,563.5242,102.1906
529.0004,102.1906,529.0004,85.31635,563.5242,85.31635,563.5242,102.1906
529.0004,102.1906,529.0004,85.31635,561.959,85.31635,561.959,102.1906
530.5656,102.1906,530.5656,85.31635,563.5242,85.31635,563.5242,102.1906
533.696,102.1906,533.696,85.31635,563.5242,85.31635,563.5242,102.1906
536.8265,102.1906,536.8265,85.31635,565.0894,85.31635,565.0894,102.1906
538.3917,100.6262,538.3917,83.75196,565.0894,83.75196,565.0894,100.6262
541.5221,100.6262,541.5221,83.75196,566.6546,83.75196,566.6546,100.6262
544.6525,99.06186,544.6525,82.18758,565.0894,82.18758,565.0894,99.06186
544.6525,99.06186,544.6525,82.18758,565.0894,82.18758,565.0894,99.06186
544.6525,99.06186,544.6525,82.18758,566.6546,82.18758,566.6546,99.06186
544.6525,97.49747,544.6525,80.62319,568.2198,80.62319,568.2198,97.49747
546.2177,95.93309,546.2177,79.05881,569.785,79.05881,569.785,95.93309
547.7828,94.36871,547.7828,77.49442,571.3502,77.49442,571.3502,94.36871
547.7828,94.36871,547.7828,77.49442,571.3502,77.49442,571.3502,94.36871
547.7828,92.80432,547.7828,75.93004,571.3502,75.93004,571.3502,92.80432
549.348,92.80432,549.348,75.93004,572.9153,75.93004,572.9153,92.80432
549.348,91.23994,549.348,74.36565,572.9153,74.36565,572.9153,91.23994
550.9132,89.67555,550.9132,72.80127,574.4805,72.80127,574.4805,89.67555
550.9132,89.67555,550.9132,71.23689,574.4805,71.23689,574.4805,89.67555
552.4784,88.11117,552.4784,69.6725,574.4805,69.6725,574.4805,88.11117
554.0436,86.54678,554.0436,68.10812,576.0457,68.10812,576.0457,86.54678
554.0436,86.54678,554.0436,68.10812,576.0457,68.10812,576.0457,86.54678
555.6088,84.9824,555.6088,66.54373,577.6109,66.54373,577.6109,84.9824
555.6088,84.9824,555.6088,66.54373,577.6109,66.54373,577.6109,84.9824
555.6088,84.9824,555.6088,66.54373,577.6109,66.54373,577.6109,84.9824
555.6088,83.41801,555.6088,64.97935,577.6109,64.97935,577.6109,83.41801
557.174,81.85363,557.174,63.41496,579.1761,63.41496,579.1761,81.85363
557.174,81.85363,557.174,63.41496,579.1761,63.41496,579.1761,81.85363
557.174,81.85363,557.174,63.41496,579.1761,63.41496,579.1761,81.85363
557.174,80.28925,557.174,61.85057,579.1761,61.85057,579.1761,80.28925
557.174,80.28925,557.174,61.85057,579.1761,61.85057,579.1761,80.28925
557.174,80.28925,557.174,61.85057,580.7413,61.85057,580.7413,80.28925
557.174,80.28925,557.174,61.85057,580.7413,61.85057,580.7413,80.28925
557.174,80.28925,557.174,61.85057,580.7413,61.85057,580.7413,80.28925
557.174,80.28925,557.174,61.85057,580.7413,61.85057,580.7413,80.28925
555.6088,80.28925,555.6088,61.85057,579.1761,61.85057,579.1761,80.28925
555.6088,80.28925,555.6088,63.41496,579.1761,63.41496,579.1761,80.28925
555.6088,80.28925,555.6088,63.41496,579.1761,63.41496,579.1761,80.28925
555.6088,83.41802,555.6088,64.97935,579.1761,64.97935,579.1761,83.41802
555.6088,83.41802,555.6088,64.97935,579.1761,64.97935,579.1761,83.41802
554.0436,84.98241,554.0436,66.54373,577.6109,66.54373,577.6109,84.98241
552.4784,86.5468,552.4784,68.10812,576.0457,68.10812,576.0457,86.5468
552.4784,88.11118,552.4784,69.6725,576.0457,69.6725,576.0457,88.11118
552.4784,89.67557,552.4784,71.23689,576.0457,71.23689,576.0457,89.67557
550.9131,91.23995,550.9131,72.80127,574.4805,72.80127,574.4805,91.23995
549.348,94.36873,549.348,75.93005,572.9152,75.93005,572.9152,94.36873
547.7827,97.49751,547.7827,79.05882,571.35,79.05882,571.35,97.49751
546.2175,99.06189,546.2175,80.62321,571.35,80.62321,571.35,99.06189
544.6523,102.1907,544.6523,83.75198,568.2196,83.75198,568.2196,102.1907
543.0871,103.7551,543.0871,85.31638,565.0892,85.31638,565.0892,103.7551
541.5219,106.8838,541.5219,88.44514,561.9588,88.44514,561.9588,106.8838
539.9567,108.4482,539.9567,90.00953,561.9588,90.00953,561.9588,108.4482
536.8263,110.0126,536.8263,91.57392,560.3936,91.57392,560.3936,110.0126
535.2611,113.1414,535.2611,94.7027,558.8284,94.7027,558.8284,113.1414
532.1307,116.2701,532.1307,97.83147,555.698,97.83147,555.698,116.2701
529.0002,119.3989,529.0002,100.9603,554.1328,100.9603,554.1328,119.3989
527.4351,120.9633,527.4351,102.5246,552.5676,102.5246,552.5676,120.9633
524.3046,122.5277,524.3046,104.089,551.0024,104.089,551.0024,122.5277
522.7394,125.6565,522.7394,105.6534,549.4371,105.6534,549.4371,125.6565
519.609,127.2209,519.609,108.7822,546.3068,108.7822,546.3068,127.2209
516.4786,130.3496,516.4786,110.3466,544.7415,110.3466,544.7415,130.3496
513.3482,131.914,513.3482,111.911,541.6111,111.911,541.6111,131.914
510.2178,131.914,510.2178,111.9109,538.4807,111.9109,538.4807,131.914
508.6526,135.0428,508.6526,111.9109,535.3503,111.9109,535.3503,135.0428
505.5222,135.0428,505.5222,115.0397,535.3503,115.0397,535.3503,135.0428
502.3918,137.3894,502.3918,115.8219,532.2199,115.8219,532.2199,137.3894
499.2614,138.9538,499.2614,115.8219,529.0895,115.8219,529.0895,138.9538
496.131,137.3894,496.131,115.8219,525.959,115.8219,525.959,137.3894
494.5657,137.3894,494.5657,115.8219,522.8287,115.8219,522.8287,137.3894
491.4353,138.9538,491.4353,117.3863,519.6982,117.3863,519.6982,138.9538
489.8701,138.9538,489.8701,117.3863,518.1332,117.3863,518.1332,138.9538
486.7397,138.9538,486.7397,117.3863,515.0027,117.3863,515.0027,138.9538
483.6093,138.9538,483.6093,117.3863,513.4374,117.3863,513.4374,138.9538
482.0441,137.3894,482.0441,115.8219,511.8723,115.8219,511.8723,137.3894
478.9137,137.3894,478.9137,115.8219,510.3071,115.8219,510.3071,137.3894
475.7833,135.825,475.7833,114.2575,505.6114,114.2575,505.6114,135.825
474.2181,135.825,474.2181,114.2575,502.481,114.2575,502.481,135.825
471.0877,132.6963,471.0877,112.6931,499.3506,112.6931,499.3506,132.6963
467.9573,132.6962,467.9573,111.1287,497.7854,111.1287,497.7854,132.6962
464.8268,132.6962,464.8268,111.1287,494.6549,111.1287,494.6549,132.6962
461.6964,131.1319,461.6964,109.5644,491.5245,109.5644,491.5245,131.1319
458.566,129.5675,458.566,108,489.9593,108,489.9593,129.5675
457.0008,129.5675,457.0008,106.4356,488.3941,106.4356,488.3941,129.5675
453.8704,128.0031,453.8704,104.8712,486.8289,104.8712,486.8289,128.0031
452.3052,124.8743,452.3052,101.7424,485.2638,101.7424,485.2638,124.8743
450.74,123.3099,450.74,100.178,482.1333,100.178,482.1333,123.3099
447.6096,123.3099,447.6096,100.178,480.5681,100.178,480.5681,123.3099
446.0444,121.7455,446.0444,97.83144,479.003,97.83144,479.003,121.7455
444.4792,120.1811,444.4792,96.26706,477.4377,96.26706,477.4377,120.1811
441.3488,118.6167,441.3488,94.70267,474.3073,94.70267,474.3073,118.6167
439.7835,113.9236,439.7835,94.70267,472.7421,94.70267,472.7421,113.9236
436.6531,113.9236,436.6531,94.70267,469.6117,94.70267,469.6117,113.9236
435.0879,113.9236,435.0879,91.5739,466.4813,91.5739,466.4813,113.9236
433.5227,112.3592,433.5227,90.00951,466.4813,90.00951,466.4813,112.3592
430.3923,112.3592,430.3923,90.00951,463.3509,90.00951,463.3509,112.3592
428.8271,112.3592,428.8271,90.00951,461.7857,90.00951,461.7857,112.3592
427.2619,113.9236,427.2619,91.5739,460.2205,91.5739,460.2205,113.9236
425.6967,115.488,425.6967,91.5739,458.6553,91.5739,458.6553,115.488
424.1314,115.488,424.1314,93.13828,457.0901,93.13828,457.0901,115.488
424.1314,115.488,424.1314,94.70267,457.0901,94.70267,457.0901,115.488
421.001,118.6167,421.001,96.26706,453.9597,96.26706,453.9597,118.6167
419.4358,118.6167,419.4358,97.83144,452.3944,97.83144,452.3944,118.6167
419.4358,121.7455,419.4358,99.39583,452.3944,99.39583,452.3944,121.7455
416.3054,124.8743,416.3054,102.5246,449.264,102.5246,449.264,124.8743
413.175,128.0031,413.175,102.5246,447.6988,102.5246,447.6988,128.0031
413.175,131.1318,413.175,107.2178,447.6988,107.2178,447.6988,131.1318
411.6098,134.2606,411.6098,108.7822,446.1336,108.7822,446.1336,134.2606
406.9142,137.3894,406.9142,115.0397,443.0032,115.0397,443.0032,137.3894
406.9142,140.5182,406.9142,116.6041,443.0032,116.6041,443.0032,140.5182
402.2186,145.2113,402.2186,119.7329,439.8728,119.7329,439.8728,145.2113
400.6534,149.9045,400.6534,122.8616,438.3076,122.8616,438.3076,149.9045
399.0881,151.4689,399.0881,125.9904,438.3076,125.9904,438.3076,151.4689
395.9577,156.162,395.9577,130.6836,435.1772,130.6836,435.1772,156.162
394.3925,159.2908,394.3925,133.8123,433.612,133.8123,433.612,159.2908
391.2621,163.984,391.2621,136.9411,430.4816,136.9411,430.4816,163.984
389.6969,167.1127,389.6969,138.5055,428.9164,138.5055,428.9164,167.1127
386.5665,170.2415,386.5665,141.6343,425.7859,141.6343,425.7859,170.2415
385.0013,171.8059,385.0013,146.3274,424.2207,146.3274,424.2207,171.8059
381.8709,176.4991,381.8709,151.0206,421.0903,151.0206,421.0903,176.4991
378.7405,178.0634,378.7405,154.1494,417.9599,154.1494,417.9599,178.0634
374.0449,182.7566,374.0449,157.2781,414.8295,157.2781,414.8295,182.7566
372.4796,187.4498,372.4796,158.8425,414.8295,158.8425,414.8295,187.4498
369.3492,187.4498,369.3492,161.9713,411.6991,161.9713,411.6991,187.4498
364.6536,189.0141,364.6536,163.5357,408.5687,163.5357,408.5687,189.0141
359.958,193.7073,359.958,165.1001,405.4383,165.1001,405.4383,193.7073
356.8276,195.2717,356.8276,168.2289,402.3079,168.2289,402.3079,195.2717
353.6972,198.4005,353.6972,169.7932,399.1775,169.7932,399.1775,198.4005
349.0016,199.9648,349.0016,172.922,396.0471,172.922,396.0471,199.9648
345.8712,203.0936,345.8712,174.4864,392.9167,174.4864,392.9167,203.0936
342.7408,204.658,342.7408,174.4864,389.7863,174.4864,389.7863,204.658
336.48,206.2224,336.48,176.0508,383.5255,176.0508,383.5255,206.2224
333.3496,207.7868,333.3496,177.6152,381.9603,177.6152,381.9603,207.7868
328.654,209.3512,328.654,179.1796,377.2647,179.1796,377.2647,209.3512
323.9583,209.3512,323.9583,179.1796,372.5691,179.1796,372.5691,209.3512
317.6975,209.3512,317.6975,180.744,367.8734,180.744,367.8734,209.3512
313.0019,214.0443,313.0019,182.3083,364.743,182.3083,364.743,214.0443
308.3063,214.0443,308.3063,182.3083,361.6126,182.3083,361.6126,214.0443
303.6107,215.6087,303.6107,185.4371,356.917,185.4371,356.917,215.6087
295.7847,215.6087,295.7847,185.4371,350.6562,185.4371,350.6562,215.6087
289.5239,215.6087,289.5239,185.4371,344.3954,185.4371,344.3954,215.6087
284.8282,220.3019,284.8282,188.5659,341.265,188.5659,341.265,220.3019
277.0022,220.3019,277.0022,190.1303,336.5694,190.1303,336.5694,220.3019
270.7414,223.4307,270.7414,190.1303,331.8738,190.1303,331.8738,223.4307
262.9154,223.4307,262.9154,190.1303,325.613,190.1303,325.613,223.4307
255.0894,226.5594,255.0894,191.6947,319.3522,191.6947,319.3522,226.5594
247.2634,228.1238,247.2634,193.2591,316.2218,193.2591,316.2218,228.1238
239.4373,231.2526,239.4373,196.3878,308.3958,196.3878,308.3958,231.2526
230.0461,231.2526,230.0461,197.9522,299.0045,197.9522,299.0045,231.2526
222.2201,234.3813,222.2201,201.081,291.1785,201.081,291.1785,234.3813
211.2637,237.5101,211.2637,204.2098,280.2221,204.2098,280.2221,237.5101
203.4377,242.2033,203.4377,207.3385,273.9613,207.3385,273.9613,242.2033
192.4812,246.8964,192.4812,210.4673,266.1353,210.4673,266.1353,246.8964
181.5248,250.0252,181.5248,213.5961,256.744,213.5961,256.744,250.0252
169.0031,254.7184,169.0031,216.7249,247.3528,216.7249,247.3528,254.7184
158.0467,259.4116,158.0467,222.9824,237.9616,222.9824,237.9616,259.4116
145.5251,264.1047,145.5251,226.1112,228.5704,226.1112,228.5704,264.1047
133.0034,267.2335,133.0034,229.2399,217.6139,229.2399,217.6139,267.2335
120.4818,270.3623,120.4818,232.3687,208.2227,232.3687,208.2227,270.3623
104.8298,276.6198,104.8298,238.6263,195.7011,238.6263,195.7011,276.6198
90.74291,281.313,90.74291,241.755,184.7446,241.755,184.7446,281.313
75.09087,287.5706,75.09087,248.0126,170.6578,248.0126,170.6578,287.5706
59.43882,290.6994,59.43882,249.577,156.571,249.577,156.571,290.6994
43.78677,298.5213,43.78677,254.2701,144.0493,254.2701,144.0493,298.5213
23.43911,306.3432,23.43911,262.0921,126.8321,262.0921,126.8321,306.3432
6.221863,315.7296,6.221863,268.3496,112.7452,268.3496,112.7452,315.7296
